7.090000000000000000e+02
8.651818181818181301e+02
3.860952380952380736e+02
5.189677419354839003e+02
6.716829268292682400e+02
6.070000000000000000e+02
6.811311475409836476e+02
7.276197183098591950e+02
6.362098765432099299e+02
6.569230769230769056e+02
7.461782178217821411e+02
6.693333333333333712e+02
6.855123966942148854e+02
7.623664122137404320e+02
6.754113475177305190e+02
6.703245033112582405e+02
6.390372670807453233e+02
6.509941520467835971e+02
6.391988950276243031e+02
6.747591623036648798e+02
6.877213930348258373e+02
6.613364928909952596e+02
6.841357466063348056e+02
6.894935064935065157e+02
6.561825726141079258e+02
6.615816733067729274e+02
6.788505747126437200e+02
6.287749077490774425e+02
6.958362989323843522e+02
6.972164948453607849e+02
7.258039867109634997e+02
6.947909967845658912e+02
7.029252336448597589e+02
6.741268882175226054e+02
6.639442815249267369e+02
7.078632478632478069e+02
7.052659279778392829e+02
6.768787061994609076e+02
7.165433070866141634e+02
6.720332480818414069e+02
7.093915211970074779e+02
6.959829683698296776e+02
6.984038004750593700e+02
6.969582366589327194e+02
6.797709750566893945e+02
7.121951219512195621e+02
6.716030368763557590e+02
7.091825902335456249e+02
6.799251559251558774e+02
6.649674134419551592e+02
7.148483033932135413e+02
6.417240704500978836e+02
7.046602687140115222e+02
7.287401129943502838e+02
6.837670979667283291e+02
7.145571687840290451e+02
6.621247771836007132e+02
6.915709281961470651e+02
6.640550774526677742e+02
6.433874788494077848e+02
6.847770382695507578e+02
6.877021276595744439e+02
6.800096618357488296e+02
6.832979397781299440e+02
6.755631825273011373e+02
6.346743471582180973e+02
6.612617246596066707e+02
6.797213114754098342e+02
7.108693098384728728e+02
6.718292329956584581e+02
6.950513552068473473e+02
6.842208157524613625e+02
6.774410540915395131e+02
6.512571819425444346e+02
6.533724696356275672e+02
6.747456724367509651e+02
6.897371879106439110e+02
6.799273670557716969e+02
7.034532650448143158e+02
7.177737041719342415e+02
6.846129837702870873e+02
6.954574599260172363e+02
6.850292326431181209e+02
6.752647412755716232e+02
6.837110582639714949e+02
6.976521739130434980e+02
6.780418118466899386e+02
6.823329506314580613e+02
6.824948921679908835e+02
6.594118967452300240e+02
6.996725860155382861e+02
6.801229418221734022e+02
6.954647122692725816e+02
7.011493018259935752e+02
6.728735387885228647e+02
6.624237644584648024e+02
6.954474505723204629e+02
7.049691040164778997e+02
6.915861365953109043e+02
6.545893037336023781e+02
6.789390609390609370e+02
6.772522255192878902e+02
6.790832517140058826e+02
6.916711930164888145e+02
6.640067243035542788e+02
6.713577545195051925e+02
6.556295947219604159e+02
6.776097105508870300e+02
6.885041628122108932e+02
6.569477543538038162e+02
6.507711171662125480e+02
6.726912691269127436e+02
6.925682426404995340e+02
6.849610963748895074e+02
6.820657318141981023e+02
6.811798436142485116e+02
6.931550387596898872e+02
6.871878736122971532e+02
6.879085520745130680e+02
6.953484466834593150e+02
6.993705245628642615e+02
6.745953757225433947e+02
6.590745290745290959e+02
6.804662875710804428e+02
6.673585817888799738e+02
6.668417266187050245e+02
6.784099920697858579e+02
7.040180959874114706e+02
6.658110850897736555e+02
6.772927962819519507e+02
7.009777094542660052e+02
6.698306636155606384e+02
6.842180166540499613e+02
6.992727272727272521e+02
6.820820283370618426e+02
6.728260547742413564e+02
6.859823659074210127e+02
6.726805251641137602e+02
6.696075307748009209e+02
7.039079798705967050e+02
6.865224839400427754e+02
6.726938341601701268e+02
6.969619985925404535e+02
6.787302585604472824e+02
6.892782789729354818e+02
6.948690558235699655e+02
6.965537303216974578e+02
6.802413324269205077e+02
6.895293720459148972e+02
6.649034205231388341e+02
6.973777481678880577e+02
6.714473858371939059e+02
6.774733727810651089e+02
6.776903984323971599e+02
6.630597014925373287e+02
6.774906511927788415e+02
6.759064702114029615e+02
6.800000000000000000e+02
6.870942441492726402e+02
6.948227529855437297e+02
6.567532792004997191e+02
6.757405338299192863e+02
6.950721776681060646e+02
6.919957081545064739e+02
6.823735527117611355e+02
6.751084191399152132e+02
6.875201685731486805e+02
6.804763614602035204e+02
6.536966091612135870e+02
6.687001774098166607e+02
6.801634332745443317e+02
6.727188778492110259e+02
6.837263219058686445e+02
6.688625072212594205e+02
6.614020677771395640e+02
6.797715591090804992e+02
6.803356047700170848e+02
6.706002258610953959e+02
6.977288040426726639e+02
6.717252931323282610e+02
6.690932815102720497e+02
6.899663169519602661e+02
6.687182866556836416e+02
7.038175860185690453e+02
6.691781640412818888e+02
6.718957320367369448e+02
6.542160128962923409e+02
6.808653126670229767e+02
6.872078681552366106e+02
6.821835007932311328e+02
6.932935297211993202e+02
6.698095238095238528e+02
6.702868297761582426e+02
6.836095287415846542e+02
6.923049974240082065e+02
6.797657611481291724e+02
6.754028556858745560e+02
6.978056823947234761e+02
6.590080767289248342e+02
6.675705675539929871e+02
6.907036481759120079e+02
6.836852312282446746e+02
6.810742206828302869e+02
6.897730182176268272e+02
6.895227829495345304e+02
6.726509019990248817e+02
6.673061620572538004e+02
6.849068083051665781e+02
6.816295050456511717e+02
6.742917264466761935e+02
6.888434079009995230e+02
6.790236854571293179e+02
6.875869872701555323e+02
6.801191928671985352e+02
7.068276506305464864e+02
6.985829846582984146e+02
6.869703840814437399e+02
6.802100414555504813e+02
6.916662081613939108e+02
6.648347786398904873e+02
6.853734666060881864e+02
6.791723202170962850e+02
6.787379558757317000e+02
6.794594352308381531e+02
6.785778670236501284e+02
6.951910262105731135e+02
6.851114551083591095e+02
6.862514310876265426e+02
6.833822884699693532e+02
6.709244871235268874e+02
6.796770969143850607e+02
6.897581133708351899e+02
6.777251184834123023e+02
6.936362076362075868e+02
6.841674498077744602e+02
6.919910676307954418e+02
6.663333333333333712e+02
6.737929143821172602e+02
6.776047879042419027e+02
6.820727728983688394e+02
6.679683465222823315e+02
6.915516383243467544e+02
6.754328789756299329e+02
6.791044837515426025e+02
6.916681687832855232e+02
6.767078743370052507e+02
6.830004063388865916e+02
6.767559692432213296e+02
7.025691253526803166e+02
6.715459654757125918e+02
6.878912435025989680e+02
6.744743130227001302e+02
6.737536691788972121e+02
6.933073883840379494e+02
6.721652892561983208e+02
6.793767150137200588e+02
6.790101522842639952e+02
6.810128354725787858e+02
6.873467648198372899e+02
6.754905441914319226e+02
6.761845444059977126e+02
6.872474147836078373e+02
6.861697825257534760e+02
6.860057012542758912e+02
6.923328284740628078e+02
6.747351942663145792e+02
6.769139421270199364e+02
6.750000000000000000e+02
6.891085415889593833e+02
6.869829059829060043e+02
6.757656423546834503e+02
6.837985983032091326e+02
6.946802646085998276e+02
6.970527279384840540e+02
6.686917183509667666e+02
6.801519447473646096e+02
6.871260412893878993e+02
6.707466618549260602e+02
6.842294138798993117e+02
6.886685775707632047e+02
6.803352374152088942e+02
6.800818214158662158e+02
6.759035802906770414e+02
6.777488519957612425e+02
6.908141499472017131e+02
6.881339880743598769e+02
6.727105907025515990e+02
6.868105189829327628e+02
6.791902117320374828e+02
6.782528536838464106e+02
6.654570837642191918e+02
6.838110614908965772e+02
6.726713454296474310e+02
6.780760832480382305e+02
6.557239034342060222e+02
6.605631989156217969e+02
6.844130361364403825e+02
6.875799394143385825e+02
6.839969808788996488e+02
6.759869608826479634e+02
6.835604798400532900e+02
6.818751245433410304e+02
6.974740152267461326e+02
6.697763114483668687e+02
6.877754028280171497e+02
6.864313339888560677e+02
6.919428291408036102e+02
6.825343536307391332e+02
6.834842583576760262e+02
6.745085732772565734e+02
6.723711705901322375e+02
6.878646737383478467e+02
6.818256968920218242e+02
6.619274992015330099e+02
6.706895893027698321e+02
6.714262139003491257e+02
6.745305283138247887e+02
6.910236518448439256e+02
6.833436026406790234e+02
6.780811657787527338e+02
6.726607310215557618e+02
6.706350046714419477e+02
6.863601366035392175e+02
6.800266171463943010e+02
6.819028077753779371e+02
6.810378345124577208e+02
6.950567310640907408e+02
6.839847141546927105e+02
6.817842121304480543e+02
6.808286235186873228e+02
6.817691608603453233e+02
6.791591664149804046e+02
6.792336645588677584e+02
6.736745722005404104e+02
6.740457946722538054e+02
6.892912563413906355e+02
6.744400476048795099e+02
6.742337585286264812e+02
6.846983141082520206e+02
6.772780890592745209e+02
6.924722140546897435e+02
6.721243037232483175e+02
6.744109909383221293e+02
6.792704750801515274e+02
6.911342632955536374e+02
6.775128948130976596e+02
6.896966194741404479e+02
6.905131086142322374e+02
6.901060040218328595e+02
6.762546548266972195e+02
6.848557554984290618e+02
6.821449729421817665e+02
6.775242828741834273e+02
6.779269328802039354e+02
6.855605761084439109e+02
6.930092931568572112e+02
6.817253580454928397e+02
6.731461775413049509e+02
6.830282044121753415e+02
6.837087162350320568e+02
6.780580394334906487e+02
6.777103295486015213e+02
6.736547914940624651e+02
6.727568163040484706e+02
6.870049436967865404e+02
6.626439331689947494e+02
6.708098880087408133e+02
6.982819395260147530e+02
6.757826677533279280e+02
6.794898401517203865e+02
6.846471223993514741e+02
6.836607383454594355e+02
6.814703036818059445e+02
6.686341463414634063e+02
6.955498529804865484e+02
6.697323380431885198e+02
6.725370911991491312e+02
6.787040572792362809e+02
6.857304945781539800e+02
6.770801899235029850e+02
6.688797684819784308e+02
6.853316714773025069e+02
6.882834336561110149e+02
6.807167841294700565e+02
6.862033324655037632e+02
6.828267982342248388e+02
6.904268324268324477e+02
6.756287780935158480e+02
6.777031692862664158e+02
6.881724492418401269e+02
6.723470904896180400e+02
6.853428790590642166e+02
6.964868655955114036e+02
6.913365555838208820e+02
6.798251712763258183e+02
6.691166793216907536e+02
6.784372633173441045e+02
6.812571140770586453e+02
6.743627229339361975e+02
6.797536958155850471e+02
6.835163709072731990e+02
6.953261032161556159e+02
6.909522506839094831e+02
6.713227486975936245e+02
6.845498638950755321e+02
6.872080967662305966e+02
6.879096281704013336e+02
6.857526406288380940e+02
6.927586375888262182e+02
6.798914690784649792e+02
6.720087783467447480e+02
6.820559474580394408e+02
6.833926231497209756e+02
6.647981118373274967e+02
6.797609273122434388e+02
6.671264755480607391e+02
6.951927421292958797e+02
6.900781587149364213e+02
6.673286295144702081e+02
6.775440229062276103e+02
6.801744822661271428e+02
6.818264070292092356e+02
6.770779436152570270e+02
6.695535334436303856e+02
6.873261023343551415e+02
6.853702658198070594e+02
6.817031213330203627e+02
6.757169281198782755e+02
6.960352721326793244e+02
6.791111628990911413e+02
6.895463845617298375e+02
6.658283460913941099e+02
6.826970608655403794e+02
6.737305472177325782e+02
6.767608845888044016e+02
6.921243392323603985e+02
6.930022930520523232e+02
6.777213452299245091e+02
6.841538461538461888e+02
6.876103393304485962e+02
6.800247670983867465e+02
6.972346406710496467e+02
6.787482470029405022e+02
6.849665989618596313e+02
6.827811303760414603e+02
6.754758481240170340e+02
6.787213629231114282e+02
6.761326325206888441e+02
6.774733318455702147e+02
6.780048986862614129e+02
6.732737169517885150e+02
6.668071381068499477e+02
6.715930103959301505e+02
6.717047009490179335e+02
6.819143360493283126e+02
6.855060426279937928e+02
6.710830958123218579e+02
6.684062568365784500e+02
6.801274830822964077e+02
6.708348943585275492e+02
6.912358183003694876e+02
6.815716764259379943e+02
6.859961047392339424e+02
6.914502267328870175e+02
6.720051712992889179e+02
6.870593420769727118e+02
6.841549023814632164e+02
6.775504174694925723e+02
6.860200811792352624e+02
6.861212960989128078e+02
6.749848968304615937e+02
6.851740607089790274e+02
6.844831603473840005e+02
6.776971042062988317e+02
6.761162202067074531e+02
6.808322458429804556e+02
6.713797521529090773e+02
6.790825822678683608e+02
6.685344070278184745e+02
6.814921728240450420e+02
6.734580295771713736e+02
6.721076699230928853e+02
6.792787803360298540e+02
6.755963568619333728e+02
6.845618673827721068e+02
6.750418470418470633e+02
6.819695535897963055e+02
6.834167522069390088e+02
6.775683261626716103e+02
6.683524841545696518e+02
6.830099979596001276e+02
6.834491956831602693e+02
6.765151391993497327e+02
6.811038328939363282e+02
6.938168386966201524e+02
6.764918198343768836e+02
6.793253376335416078e+02
6.788499295916315077e+02
6.792049789198955523e+02
6.737796032859146180e+02
6.750085982803439038e+02
6.825663540211534155e+02
6.777430790679147776e+02
6.927797654541840302e+02
6.729186669311644664e+02
6.839602058998218581e+02
6.911448330369491941e+02
6.808400709919147857e+02
6.873757134422357922e+02
6.776491848359851247e+02
6.815410703783571762e+02
6.900015652514184694e+02
6.779662175356376110e+02
6.936289222373806069e+02
6.872268041237113039e+02
6.771937487866433685e+02
6.826425111412517026e+02
6.758004254496229350e+02
6.730872418452036072e+02
6.830739741860912773e+02
6.876466064218419660e+02
6.873878334292842283e+02
6.766378088488795584e+02
6.791479640604090946e+02
6.826178210265217103e+02
6.804536278804037011e+02
6.840798327314198559e+02
6.764894706886739186e+02
6.820496118159439902e+02
6.886822906822907271e+02
6.799560460290510946e+02
6.759384296742609877e+02
6.770511182108625690e+02
6.796167698368036554e+02
6.738964613368283381e+02
6.747286488506821343e+02
6.823234471180750234e+02
6.795734500093092265e+02
6.765420925478535992e+02
6.889185679836765530e+02
6.921005369376041472e+02
6.822066161522824359e+02
6.754425382770706392e+02
6.875013809611489251e+02
6.903118911964712652e+02
6.851847367455512767e+02
6.795145577733015898e+02
6.858934381283129369e+02
6.786889253785805067e+02
6.723888180659261025e+02
6.872775858934738835e+02
7.003253493013971820e+02
6.686143814526353708e+02
6.865832580003616386e+02
6.913201588160982283e+02
6.845627814808142375e+02
6.682970688725049513e+02
6.809375336564351073e+02
6.871399390790180632e+02
6.823730996243963318e+02
6.774667023745760162e+02
6.607716984494742292e+02
6.797532467532467990e+02
6.844773574853489890e+02
6.748636766530756859e+02
6.881796142275703687e+02
6.895539657304362890e+02
6.834157996825956616e+02
6.823353282872733416e+02
6.754726761553330334e+02
6.856326960182424273e+02
6.842623008229732022e+02
6.891650061178115720e+02
6.789822020589774638e+02
6.965126284619403805e+02
6.793402886454529153e+02
6.784954001041485299e+02
6.827357477040374079e+02
6.713457879259643732e+02
6.828853393196338857e+02
6.854280296500603527e+02
6.878446050593701102e+02
6.904944167668785440e+02
6.741550334419482624e+02
6.707782913884608433e+02
6.723671167321825806e+02
6.882706022862993223e+02
6.823706353261795812e+02
6.937209658221390782e+02
6.824011203530809553e+02
6.722762243687510590e+02
6.840702080866182087e+02
6.834882621178854833e+02
6.864921598381386048e+02
6.838752735229759310e+02
6.844760544446311314e+02
6.706604596544203787e+02
6.772971026628705431e+02
6.889851195452265529e+02
6.890011684192955954e+02
6.750468255290784327e+02
6.882152720013308453e+02
6.769388805846205059e+02
6.778947106615818257e+02
6.824929647409369409e+02
6.788641546851760040e+02
6.844250123741957168e+02
6.769449843518366379e+02
6.668478868607137429e+02
6.734115908717780030e+02
6.757762661858711226e+02
6.706822124038618540e+02
6.851298807384414431e+02
6.841934431577230953e+02
6.749706888128969240e+02
6.830024386278653310e+02
6.849024509008278301e+02
6.911581591314211437e+02
6.838056948713800693e+02
6.843482474559845059e+02
6.780670859538784043e+02
6.869782643696667037e+02
6.775912232760006191e+02
6.762057454662173086e+02
6.779838166960422541e+02
6.777726763717805625e+02
6.723467497204919709e+02
6.876858555254345902e+02
6.837443082311733633e+02
6.845104116992529271e+02
6.780576099031899275e+02
6.849816193947076499e+02
6.794445499129884638e+02
6.878966987837624174e+02
6.837889922725122460e+02
6.830118091639111526e+02
6.743722685112403497e+02
6.908304818709779056e+02
6.797426735621376110e+02
6.753185729932718004e+02
6.761240431182627617e+02
6.814214631102792055e+02
6.823848310232051517e+02
6.791514538951951181e+02
6.782727837292345612e+02
6.770289877538366454e+02
6.836048599288035348e+02
6.730424972956266174e+02
6.720098750192871648e+02
6.722122939454629886e+02
6.712495000769112039e+02
6.881982798341268790e+02
6.787615396411592883e+02
6.704497014239778991e+02
6.878691331600672356e+02
6.969586322698825143e+02
6.791405273586343583e+02
6.816481509663673251e+02
6.826688953046649431e+02
6.809179183735396919e+02
6.685986971670959065e+02
6.876976251701709089e+02
6.799495544479685805e+02
6.800571557834414307e+02
6.738991115795813585e+02
6.930061644865434118e+02
6.790229695240955152e+02
6.895309548793284193e+02
6.819187247418051356e+02
6.841055148707218905e+02
6.856710938665870572e+02
6.757954105200417416e+02
6.716446957298021516e+02
6.754140543752785106e+02
6.748320723928200096e+02
6.869342319656346945e+02
6.757263718384854201e+02
6.741086988627972687e+02
6.793465565550803831e+02
6.768129877779414301e+02
6.708797235700632200e+02
6.774072823373953725e+02
6.818149831403020471e+02
6.810395256916996232e+02
6.853467329337815954e+02
6.883781929645307400e+02
6.863960064130593537e+02
6.719183524959976239e+02
6.830312454585089199e+02
6.680648672181106349e+02
6.845855673090856044e+02
6.957450441325423753e+02
6.755169773154168524e+02
6.739637858894819828e+02
6.689237861979542004e+02
6.722202560782620822e+02
6.805226260594741916e+02
6.682801606656147442e+02
6.678788139235066410e+02
6.833317122014018423e+02
6.814956434795029736e+02
6.863106546854942280e+02
6.733216066087452418e+02
6.926179775280899094e+02
6.840110779718789900e+02
6.843493121543043571e+02
6.791887834584337043e+02
6.871794654221467908e+02
6.882460104505013305e+02
6.868399379495134554e+02
6.810995634417687370e+02
6.750532977077766645e+02
6.826869821654262296e+02
6.831134483242182114e+02
6.705545441814871310e+02
6.821227800307649431e+02
6.862549923195084602e+02
6.764018965276809467e+02
6.758057373624843649e+02
6.702458628841607151e+02
6.881376197750312258e+02
6.761037304118707425e+02
6.744342888796566058e+02
6.785293873599778181e+02
6.839226626156607836e+02
6.870473038201627105e+02
6.816691915714088736e+02
6.761215788749827880e+02
6.637942590303529187e+02
6.735006171992868076e+02
6.758312559923298295e+02
6.877722609766105961e+02
6.834067750307334563e+02
6.771658709589414684e+02
6.796347909004223311e+02
6.737681948034280595e+02
6.855938051895122953e+02
6.761982091982091561e+02
6.839436390732962536e+02
6.821537004464889833e+02
6.836346439670314794e+02
6.834652543516394871e+02
6.823994070879934952e+02
6.753023819136051316e+02
6.782420373605698387e+02
6.740880418735740705e+02
6.833285082428628812e+02
6.867567929326729654e+02
6.775202513033017340e+02
6.719675610732879250e+02
6.824388748166910545e+02
6.797290640394088541e+02
6.813938306076319122e+02
6.807737352277254104e+02
6.752953189232197246e+02
6.758175076148854714e+02
6.767075783626504517e+02
6.929170519085986371e+02
6.748326078353778712e+02
6.759573178764326258e+02
6.913139060649914427e+02
6.799734594665615077e+02
6.719530245374622837e+02
6.714999344777879742e+02
6.874831828294725256e+02
6.728598875963925821e+02
6.725323064874037300e+02
6.834815539043149784e+02
6.830519463611508399e+02
6.767175919906384252e+02
6.738830022075055695e+02
6.845851381143820618e+02
6.853205543323404072e+02
6.809868063639891034e+02
6.857425397235499531e+02
6.865423816281770542e+02
6.871436670532148128e+02
6.743805173079397264e+02
6.874707621128389974e+02
6.820736747529200557e+02
6.758471990770414095e+02
6.828546921008834261e+02
6.817281677534841720e+02
6.842390499297663382e+02
6.745329677337074372e+02
6.743772767800280690e+02
6.822807530848492661e+02
6.836600177868123183e+02
6.873691155944677575e+02
6.838742871625903490e+02
6.739629160865713402e+02
6.831926431551005408e+02
6.810066910743593098e+02
6.718800907830034248e+02
6.765907316458884679e+02
6.791695384228398780e+02
6.746550684587363094e+02
6.777815832392423090e+02
6.803756421501065006e+02
6.780535602552871524e+02
6.781342332208473636e+02
6.858356010485582601e+02
6.901292856252337060e+02
6.835661810484373291e+02
6.776347469220246467e+02
6.812032045708607484e+02
6.762120084356779444e+02
6.780885887746252365e+02
6.894097265189951713e+02
6.841338524286244365e+02
6.758833477348475753e+02
6.888400936999137230e+02
6.825440216722078048e+02
6.742631902595006750e+02
6.862816607296400662e+02
6.867016317016317544e+02
6.784115917167014231e+02
6.788617060335332098e+02
6.807002811392250123e+02
6.761566353314614162e+02
6.763644677478356471e+02
6.828856412130069202e+02
6.886330130154482276e+02
6.756654112501519194e+02
6.808710107996602119e+02
6.825813840746576489e+02
6.853014162934269962e+02
6.815289565953330566e+02
6.813697621060258598e+02
6.851693402484621629e+02
6.832691242019034235e+02
6.793252316207435797e+02
6.797541160918158312e+02
6.813890289280998331e+02
6.871268433041601611e+02
6.880179619207281121e+02
6.716083004425307763e+02
6.814503643531238595e+02
6.856021954420713200e+02
6.720861637468716481e+02
6.807564575645756122e+02
6.765297824277731706e+02
6.832145825911411521e+02
6.830393784841655815e+02
6.927276389053429284e+02
6.849639095964975013e+02
6.855007682307056029e+02
6.864867193955849416e+02
6.897758519042565695e+02
6.813781651160052206e+02
6.836102811433949000e+02
6.809008342145458528e+02
6.796689355709423808e+02
6.744671199156018702e+02
6.801228193419974559e+02
6.805836744240439202e+02
6.862336175680411543e+02
6.738343250495858001e+02
6.746859340403216265e+02
6.767500873006634947e+02
6.823240320892919044e+02
6.761983509464638473e+02
6.768098828442175545e+02
6.810249102073919403e+02
6.856000462909385078e+02
6.718402496821177010e+02
6.853125505137975324e+02
6.795535693691615506e+02
6.827465729754636641e+02
6.749198020941203140e+02
6.820953913343294062e+02
6.827089886350590859e+02
6.801561747506019628e+02
6.803063795670599347e+02
6.850530831712618465e+02
6.766640383956118967e+02
6.801530647186393708e+02
6.898181507239767143e+02
6.801762897164331889e+02
6.829906722784666044e+02
6.838911487330984755e+02
6.826992395868800259e+02
6.915778256433510478e+02
6.820113237458951971e+02
6.777712928401764430e+02
6.906254660490340029e+02
6.798041981717639146e+02
6.797062337955135263e+02
6.765114288931426927e+02
6.820914407828140611e+02
6.818582181777328515e+02
6.911691168219055044e+02
6.813880730859768846e+02
6.791709774941216438e+02
6.782665249972038737e+02
6.792676795888727383e+02
6.719545809619462489e+02
6.776818637833017647e+02
6.880411980848457461e+02
6.808875542208875231e+02
6.830582157538051433e+02
6.848871379425147552e+02
6.804615896242102053e+02
6.727293765917395376e+02
6.863577037938281364e+02
6.813483592973152554e+02
6.858320273700475127e+02
6.858194245397420445e+02
6.770257680872150559e+02
6.692451875481244770e+02
6.832107460718602852e+02
6.824366150806716860e+02
6.833058875123341522e+02
6.650922133391742364e+02
6.811260255989498091e+02
6.802327614468364345e+02
6.788717388931339656e+02
6.806793152327990128e+02
6.748173401590240701e+02
6.845819823740615675e+02
6.798605586349309533e+02
6.901694712843338948e+02
6.749739724541806254e+02
6.822970425739356415e+02
6.783723622984525718e+02
6.796910604258998774e+02
6.808865133354929640e+02
6.857348721820731043e+02
6.858140286607047074e+02
6.745915402001937764e+02
6.693994194172669268e+02
6.785088604875953706e+02
6.857915459714622557e+02
6.832095166648805389e+02
6.736711272882988624e+02
6.808700673724734997e+02
6.768263006089092642e+02
6.886690854764699452e+02
6.834049674874746643e+02
6.829454797146204328e+02
6.911240293585789232e+02
6.787973647858888171e+02
6.847921664366840560e+02
6.854226487116955013e+02
6.820059315750449969e+02
6.785952809226537283e+02
6.817620758904978402e+02
6.834280435012142334e+02
6.761593713743276339e+02
6.805657991781688452e+02
6.862958635933059668e+02
6.879702449794974655e+02
6.868520113433462484e+02
6.888084146469415145e+02
6.769268420500995944e+02
6.781244895822427452e+02
6.801357598577554882e+02
6.737501828440078953e+02
6.751281703371255389e+02
6.830156396621832755e+02
6.769113633996458930e+02
6.769336177296847836e+02
6.842610955202161449e+02
6.819337555809365767e+02
6.851157556270096620e+02
6.764419231167754560e+02
6.820654176586274389e+02
6.853258194602419735e+02
6.810230348104535096e+02
6.786536993086368739e+02
6.832373982063704716e+02
6.837804551539491058e+02
6.822402016253471402e+02
6.718993936902681980e+02
6.791423878451904557e+02
6.789451338324274730e+02
6.749559471365638501e+02
6.795202128748336463e+02
6.819156527962376231e+02
6.795603104892247757e+02
6.818007346189164082e+02
6.793480786871878081e+02
6.790810508094898523e+02
6.772720984640423012e+02
6.797093791281373569e+02
6.830457821540960595e+02
6.774926478044823170e+02
6.741616857461250447e+02
6.749863374152413371e+02
6.773469821049438906e+02
6.856453893546106428e+02
6.848201997780244028e+02
6.821905049894163540e+02
6.847555130399758809e+02
6.782816618046474559e+02
6.740736609385991187e+02
6.840386507378776741e+02
6.765753685688496262e+02
6.804008616371105518e+02
6.897794014613151603e+02
